8 0.0009996891021728516 19
10 0.0009999275207519531 94
12 0.0009996891021728516 109
14 0.0020003318786621094 171
16 0.0010008811950683594 116
18 0.0049991607666015625 293
20 0.004999876022338867 290
22 0.060443878173828125 3529
24 0.10511350631713867 6711
26 0.18400025367736816 11354
28 0.5986676216125488 36585
30 0.3926401138305664 24084
32 1.4297354221343994 89990
34 2.7689826488494873 175939
36 4.943098068237305 318360
38 9.532374382019043 604662
40 25.98753046989441 1677873
42 21.20573663711548 1313815
44 102.16523218154907 6428001
46 132.2630877494812 8350335
48 399.10563468933105 25150934
50 653.6483943462372 41369733
